1,0,422,163,572,254,104,254,213,161
100,0,432,163,609,260,77,264,204,159
150,0,448,179,633,274,58,275195,170
181,0,452,194,652,30143,304,183,196
217,1,396,199,455,230,165,238,209,205
481,1,306,135,380,176,10,369,129,144
529,1,313,143,390,182,123,203,141,150
611,1,293,156,394,198,121,255,122,165
654,1,285,158,389,199,119,228,111,169
709,1,259,157,365,196,98,229,79,173
733,1,243,140,344,177,83,216,57,156
806,1,230,156,333,193,63,232,40,173
856,1,246,176,354,218,68,257,61,194
920,1,281,188,384,230,94,264,103,198
971,1,313,189,401,230,114,254,133,197
1026,1,330,196,423,245,106,265,137,206
1104,1,368,195,465,254,104,268,154,201
1172,1,407,195,504,250,98,257,156,199