20,1,271,153,632,168634,290,205,265
33,1,244,154,598,167,598,289,181,269
45,1,197,157,544,167,543,286,136,270
53,1,140,157,475,167,473,283,73,272
61,1,79,157,411,165,411,279,14,279
81,0,229,161556,163,621,275,231,275
93,0,151,167,469,160,530,268,153,276
109,0,144,167,462,160,522,269,144,275
190,0,86,185,407,175,463,282,85,294
278,0,41,191,354,177,409,279,39,300
302,0,94,197,392,185,445,283,93,299
326,0,140,195,426,187,479,280,140,296
358,0,211,195,497,190,546,286,211,293
390,0,285,195,570,195,625,293,285,289
422,1,68,194,351,192,351,289,12,293
554,0,288,202,573,201629,304288,306
658,0,231,182,517,178,570,277,232,279
700,0,263,177,556,175,615,274,264,275
750,0,303,170,609,170,665,273,300,269
800,0,239,161,554,158615,268,242,266
878,0,151,148,504,140,571,259,156,266